发型:001,004,007,008,009,010,013,020,032,033,034,035,050,053,060,061,064,065,066,067,068,069,070,071,076,078,079,080,093,094,097,100,102,104,105,106,107,108,111,112,113,114,116,117,120,124,127,129,130,131,133,134,136,137,138,140,141,148,159,164,170,179,187,189,190,192,195,200,201,204,206,210,226,233,240,285,293,363,424,426,439,461,465,470,474,476,490,498,501,503,506,508,517,527,532,539,541,543,567,570,573,580,584,589,592,598,611,648,656,660,698,724,726,744,748,755,756,818,840,845,847,848,860,861,873,934,946,951,953,979,986,990,1018,1005,998,1047,1048,1055,1056,1057,1058,1049,1064,1065,1092|连衣裙:001,002,003,025,033,034,035,042,044,048,051,052,053,060,061,063,064,065,068,069,070,072,073,074,075,077,078,079,082,083,085,086,087,090,092,094,095,097,098,099,108,110,111,112,113,114,115,116,117,118,119,120,121,122,124,125,126,127,128,129,130,135,138,140,148,150,152,153,155,156,157,159,160,162,165,166,167,169,179,180,183,185,187,192,201,204,210,212,215,218,223,224,227,228,230,232,241,246,260,261,263,264,265,266,267,268,269,270,274,275,278,282,283,284,285,286,287,288,289,295,296,307,316,317,318,330,331,335,349,351,355,369,371,374,375,377,387,390,392,401,405,415,416,417,419,428,473,474,476,477,479,482,487,489,492,496,499,503,511,538,583,625,626,631,653,656,694,701,703,715,716,775,776,781,785,794,804,805,813,817,827,866,873,874,875,876,877,878,867,884,885,904|外套:001,008,010,011,012,033,036,039,040,041,042,045,047,048,050,051,052,055,056,059,075,080,087,091,097,100,102,104,106,107,111,116,118,121,123,124,129,135,137,139,142,143,146,149,150,152,154,200,201,205,212,224,243,244,246,269,303,312,317,339,348,351,352,361,391,395,398,408,275,412,309,436,437,438,443|上装:001,004,007,018,019,020,022,029,030,031,035,036,047,051,060,064,065,066,076,078,080,082,083,084,086,087,091,096,097,099,100,101,103,105,108,119,121,127,131,135,137,138,139,140,142,143,144,146,152,153,154,157,160,172,173,174,179,181,182,185,196,201,205,207,208,215,223,225,226,227,229,238,240,243,248,257,259,260,261,262,266,271,273,280,288,299,339,340,341,343,344,346,348,349,350,351,359,365,372,373,375,377,378,404,420,423,424,449,452,472,476,486,495,276,304|下装:001,002,008,023,036,037,045,048,049,051,061,064,066,070,078,086,090,091,093,094,099,103,106,107,108,109,114,141,148,152,156,157,161,167,169,170,179,181,195,199,208,209,213,219,224,227,228,229,231,232,233,240,241,244,247,260,268,277,282,286,287,288,318,320,327,339,346,347,348,349,350,371,377,387,391,393,413,416,433,437,447,456|袜子:001,005,006,021,024,028,032,033,036,037,038,040,043,046,047,049,058,059,061,064,065,066,095,097,101,102,104,105,106,107,108,113,116,117,120,136,137,140,141,147,149,150,151,160,165,166,167,174,211,216,217,219,220,226,227,228,236,238,239,240,271,295,298,312,321,326,329,330,353,356,360,361,179,380,403,404,407|鞋子:001,004,007,008,013,014,016,025,038,050,053,055,060,061,062,063,064,065,066,067,068,069,070,071,072,073,076,078,080,084,085,087,089,090,091,092,093,094,096,097,101,106,109,112,118,123,129,132,140,142,145,147,164,169,178,195,215,217,220,222,235,240,242,249,275,277,279,282,294,344,349,350,352,353,356,365,368,372,378,382,383,385,386,394,395,403,415,419,425,435,454,456,477,478,480,486,488,489,491,494,509,514,519,520,521,522,534,537,543,547,549,552,553,589,603,634,659,661,662,683,688,695,718,742,764,768,770,771,782,783,787,793,837,849,852,854,872,879,896,933,934,941,942,155,946,947,965,973,704|饰品:001,003,004,005,006,007,008,012,013,015,016,017,018,025,035,037,038,039,056,057,062,064,065,066,068,071,072,073,074,075,077,078,079,081,082,084,085,087,088,089,090,091,092,093,094,095,097,100,101,102,103,104,109,110,112,113,119,121,122,125,131,133,134,135,139,140,145,151,152,160,162,163,164,167,170,171,173,180,182,184,187,200,201,202,206,211,221,222,223,224,234,235,236,237,238,239,241,244,245,248,250,253,254,261,271,272,273,274,275,279,280,282,285,286,287,300,304,305,313,316,319,320,321,323,328,334,336,345,349,351,383,403,404,405,406,408,431,432,436,441,442,443,444,463,464,465,466,467,468,469,472,473,478,479,484,486,487,490,496,497,500,508,526,533,544,545,546,547,558,561,568,570,572,574,576,577,578,581,582,593,594,595,597,602,603,604,620,635,638,642,643,644,650,652,654,665,671,673,675,676,679,680,681,684,687,688,689,691,692,693,697,700,717,718,719,752,777,779,784,785,786,803,822,823,824,878,879,880,890,893,919,920,921,1001,1002,1003,1004,1006,1010,1011,1013,1032,1068,1071,1083,1084,1085,1087,1092,1094,1095,1096,1097,1121,1124,1126,1127,1181,1199,1241,1242,1243,1247,1253,1307,1308,1309,1313,1315,1316,1317,1318,1319,1320,1321,1348,1349,1350,1351,1352,1353,1354,1355,1356,1358,1364,1370,1372,1379,1381,1382,1383,1384,1385,1392,1527,1528,1529,1530,1543,1544,1545,1554,1555,1570,1571,1572,1573,1574,1577,1578,1641,1642,1643,1644,1645,1651,1656,1658,1659,1660,1661,1671,1673,1674,1049,1333,830,1718,1719,1720,1694,1696,1697,1822,1823,1824,1825,1826,1848,1849,1850,1851,1852,1853,1854,1855,1856,1857,1858,1859,1860,1861,1862,1863,1864,1865,1841,1827,1828,1829,1830,1884,1885,1886,1887,1888,1889,1890,1940,1941,1942,1989,1990,1200|妆容:010,014,015,019,021,044,053,061,066,083,094,095,096,097|萤光之灵:001,002,003,004,005,006,007,008,014,015,016,021,022,023,045,046,061,062,063|







1-2 黄鹂 F
1-3 老师衣橱 蓝 F
1-3 荒原的花 F
1-3 高腰娃娃裙·蓝 F
1-3 生灵天使 F
1-4 西江月 F
1-4 轻羽裙·灰 F
1-5 安洁卡迷梦 F
1-9 墨色琉璃 F
1-9 凌空制裁 F
2-1 冰蓝蔷薇F
2-1 甜美花季·裤 F
2-2 菱格短裙 F
2-3 高腰娃娃裙·蓝 F
2-3 西江月 F
2-9 高腰娃娃裙·蓝 F
2支1 幽兰曲裾 F
3-1 明珠缘女 F
3-1 霓裳羽衣 F
3-3 西江月 F
3-3 罗织红纱 F
3-4 冰蓝蔷薇 F
3-4 蛙趣小裙 F 
3-4 蓝瓷·裙 F
3-4 飘摇之舞·华丽 F 
3-5 青春记忆 F
3-5 碎珠 F
3-5 雪耳 F
3-5 暗恋故事 蓝 F 換黑色短褲就過關了
3-5 史库水 F
3-7 冰蓝蔷薇 F
3-8 团结背心 F
3-8 西部精神 F
3-8 水母小姐 f
3-8 双莓缤纷 F 
3-8 乖乖女 白 F 
3-8 海之号角·上衣 F
3-9 无畏 F
3-11 高腰娃娃裙·蓝 f
3-12 枫糖毛衣 F
4-4 冰蓝蔷薇 F
4-6 虚实境·华丽 F
4-6 雨之轻音 F
4-6 高腰娃娃裙 F
4-6 霓裳羽衣 F
4-6 悠扬假日·上衣 F
4-6 仙雾森林·珍稀 F
4-7 霓裳羽衣 F
4-7 绿烟林微 F
4-7 龙凤对襟衣 F
4-7 飘摇之舞·珍稀 F
4-7 过关提示: 连衣裙排斥大部分中式古典及和风tag
4-11 兔女郎 F
5-1 白衣天使 F
5-1 暗恋故事 蓝 F
5-1 复古蓝宝石 F
5-1 福星高照 F
5-1裙子可能容易F
5-4 西装外套 F
5-4 特别行动 F
5-5 彼岸花 F
5-6 羅織紅紗 F
5-6 摩卡 F
5-6 牛仔女郎 F
5-6 老师衣橱 蓝 F
5-6 花边短裤 灰 F
5-6 熊猫睡衣 上装 F
5-6 煎黄蕊 F
5-6 过关提示: 衣服（尤其是下装）要求民国服饰tag，不过有奇葩可用品。
5-8 路白云 F
5-10 冰蓝蔷薇 F
5-10 未知喜悦 F
5-12 小秘书 F
5-12 落花 F
5-12 蓝瓷上衣 F
5-12 诵霓裳.衣 F
5-12 渲色优雅 F
5-支1 菱格短裙 F
5-支2 小然 F
5-支2 暖茸 F
6-6 普通浴衣 F
6-6 旋律悠揚 F
6-6 熊猫睡衣·上装 F
6-6 少女心事·蓝 F
6-6 复古蓝宝石 F
6-7 蛙趣小裙 F
6-9 钻影披风 F 
6-9 豹纹开衫·冷 F
6-10 暖秋·黄 F
6-10 前程似锦 F
7-1 环泳·上衣 F
7-2 粉翼 F
7-2 粉翼·华丽 F
7-2 凝墨 F
7-2 钻影披风 F
7-8 月秋浦 F
7-8 无畏 F
8-2 蕾丝兔耳 F
8-2 精灵腿环·珍惜 F
8-2 银河 F
8-2 朋克手镯 F
8-2 特工手套 F
8-2 听诊器 F
8-2 白喵尾 F
8-支1 刺客信念·华丽 F
8-支1 过关提示: 连衣裙全F，外套无限制
8-支2 未知喜悦 F
9-2 蝴蝶兰·华丽 F
9-5 森歌 F
9-7 风度·蓝 F
9-7 牛仔小妞 f
9-7 剪裁短袖 F
9-7 过关提示: 要求未来时空，例外已反映在得分中。别穿外套！但很多新外套可用
9-9-3 雾鬓风鬟 F
9-9-3 龙凤对襟衣 F
9-9-3 富贵牡丹裙 F
9-支2 荧珑・华丽 F
联盟4-4 相思意 F
联盟4-4 罗织红纱 F
联盟4-4 浅空 F
联盟4-4 黄鹂 F
联盟6-1 绵羊外套·华丽 F
联盟6-5 仙雾森林外套 F
联盟6-6 粉翼·华丽 F
